name: 'Indian_site_good_wind'
  longitude: 77.50022582725498
  latitude: 8.334293917013909
  altitude: 679.8034540123396
  
name: 'Indian_site_good_solar'
  longitude: 68.54220353096616
  latitude: 23.54209921071357
  altitude: 29.883557407411217

name: 'Indian_site_bad_solar_bad_wind'
  longitude: 77.91687802708239
  latitude: 17.292316213302755
  altitude: 627.4246425926144
  